=== Kruskal–Wallis tests ===

risk_score: H = 182.865, p = 0.0000

Q6: H = 12.994, p = 0.0046

Q15: H = 264.212, p = 0.0000

Q17: H = 435.320, p = 0.0000

Q26: H = 131.715, p = 0.0000

risk_score: H = 182.865, p = 0.0000


=== Dunn post-hoc tests (Bonferroni corrected) ===

risk_score:
              0             1             2             3
0  1.000000e+00  5.006601e-36  4.173921e-18  1.121347e-23
1  5.006601e-36  1.000000e+00  4.577641e-12  1.350783e-04
2  4.173921e-18  4.577641e-12  1.000000e+00  6.532817e-02
3  1.121347e-23  1.350783e-04  6.532817e-02  1.000000e+00

Q6:
          0         1         2         3
0  1.000000  0.508561  1.000000  1.000000
1  0.508561  1.000000  0.004925  0.176185
2  1.000000  0.004925  1.000000  1.000000
3  1.000000  0.176185  1.000000  1.000000

Q15:
              0             1             2             3
0  1.000000e+00  1.274012e-57  1.323991e-38  1.145143e-42
1  1.274012e-57  1.000000e+00  5.950416e-07  1.384123e-03
2  1.323991e-38  5.950416e-07  1.000000e+00  9.608584e-01
3  1.145143e-42  1.384123e-03  9.608584e-01  1.000000e+00

Q17:
              0             1             2             3
0  1.000000e+00  9.716126e-95  5.777930e-73  6.854906e-81
1  9.716126e-95  1.000000e+00  1.206274e-04  2.645061e-01
2  5.777930e-73  1.206274e-04  1.000000e+00  2.857233e-01
3  6.854906e-81  2.645061e-01  2.857233e-01  1.000000e+00

Q26:
              0             1             2             3
0  1.000000e+00  7.276060e-26  8.055864e-13  4.285495e-18
1  7.276060e-26  1.000000e+00  3.229165e-09  1.461887e-02
2  8.055864e-13  3.229165e-09  1.000000e+00  3.142906e-02
3  4.285495e-18  1.461887e-02  3.142906e-02  1.000000e+00

risk_score:
              0             1             2             3
0  1.000000e+00  5.006601e-36  4.173921e-18  1.121347e-23
1  5.006601e-36  1.000000e+00  4.577641e-12  1.350783e-04
2  4.173921e-18  4.577641e-12  1.000000e+00  6.532817e-02
3  1.121347e-23  1.350783e-04  6.532817e-02  1.000000e+00
